0.0025768682139771003 0.9998191863385234
0.010725806399358582 0.9921044701155198
0.01887474458474006 0.9540331491712707
0.02702368277012154 0.9216574585635359
0.035172620955503026 0.9056253139126067
0.04332155914088451 0.8935710698141637
0.05147049732626598 0.8813862380713209
0.059619435511647466 0.870095429432446
0.06776837369702894 0.8595680562531391
0.07591731188241042 0.850286288297338
0.0840662500677919 0.8410246107483677
0.09221518825317339 0.8327774987443496
0.10036412643855486 0.8236363636363636
0.10851306462393634 0.8136514314414867
0.11666200280931782 0.8011953792064289
0.1248109409946993 0.7872225012556504
0.1329598791800808 0.7693822199899547
0.14110881736546227 0.7481265695630337
0.14925775555084375 0.7227122049221497
0.15740669373622523 0.6918734304369664
0.16555563192160672 0.6566047212456052
0.1737045701069882 0.616544450025113
0.18185350829236968 0.5720642893018584
0.19000244647775116 0.5236564540431944
0.19815138466313262 0.4730989452536414
0.2063003228485141 0.42125565042692115
0.21444926103389558 0.37054746358613766
0.22259819921927707 0.32594676042189863
0.23074713740465855 0.28359618282270227
0.23889607559004003 0.2456654947262683
0.2470450137754215 0.21073832245102975
0.255193951960803 0.17828227021597198
0.2633428901461845 0.15008538422903073
0.271491828331566 0.12378704168759425
0.27964076651694747 0.10010045203415374
0.28778970470232895 0.0789954796584631
0.29593864288771043 0.06136614766449022
0.3040875810730919 0.04669010547463592
0.3122365192584734 0.03540934203917634
0.3203854574438549 0.026449020592667072
0.32853439562923636 0.018824711200401856
0.33668333381461785 0.013239578101456595
0.34483227199999933 0.009271722752385747
0.3529812101853808 0.006127574083375165
0.3611301483707623 0.004068307383224501
0.3692790865561438 0.0027122049221496303
0.37742802474152526 0.0016875941737819478
0.38557696292690674 0.0010547463586136896
0.39372590111228817 0.0007031642390757931
0.40187483929766965 0.0003415369161224868
0.41002377748305113 0.0001808136614765976
0.4181727156684326 0.0001406328478150698
0.4263216538538141 0.00010045203415354198
0.4344705920391956 5.022601707671548e-05
0.44261953022457706 1.0045203415187665e-05
0.45076846840995854 1.0045203415187665e-05
0.45891740659534 1.0045203415187665e-05
0.4670663447807215 1.0045203415187665e-05
0.475215282966103 1.0045203415187665e-05
0.4833642211514845 2.220446049250313e-16
